 -84.99 3041.50   47.67
 -84.99 3041.50   47.87
 -86.49 3043.55   47.74
 -86.49 3043.55   47.54
 -86.49 3043.55   47.34
 -86.49 3043.55   47.34
 -86.49 3043.55   47.67
 -86.49 3043.55   47.87
 -87.16 3044.71   47.84
 -87.16 3043.48   48.04
 -87.16 3043.48   48.04
 -87.16 3044.71   48.04
 -87.99 3044.28   47.88
 -87.99 3045.51   47.88
 -87.99 3046.74   48.07
 -87.99 3046.74   47.88
 -87.99 3046.74   47.88
 -87.99 3046.74   48.26
 -87.99 3046.74   47.88
 -87.99 3047.98   47.67
 -87.99 3047.98   47.88
 -88.82 3047.98   48.29
 -88.82 3047.98   48.68
 -89.49 3049.07   48.65
 -89.49 3049.07   48.65
 -89.49 3049.07   48.52
 -89.49 3049.07   48.13
 -89.49 3049.07   48.07
 -89.49 3047.84   48.32
 -89.49 3047.84   48.13
 -89.49 3047.84   47.92
 -90.32 3048.65   47.77
 -90.32 3047.42   47.77
 -90.32 3047.42   47.52
 -90.32 3047.42   47.32
 -90.32 3047.42   47.32
 -90.32 3046.19   46.94
 -90.32 3044.95   46.56
 -90.32 3044.95   46.35
 -90.98 3045.97   46.13
 -91.81 3046.71   45.97
 -91.81 3047.95   45.78
 -91.81 3046.71   45.97
 -91.81 3047.95   45.81
 -91.81 3047.95   46.20
 -91.81 3049.18   46.20
 -91.81 3047.95   46.20
 -91.81 3047.95   45.65
 -91.81 3047.95   45.27
 -92.64 3049.86   45.48
 -92.64 3049.86   45.66
 -92.64 3051.09   45.66
 -92.64 3049.86   45.66
 -92.64 3049.86   45.66
 -93.31 3050.81   45.65
 -93.31 3052.04   45.68
 -93.31 3052.04   46.26
 -93.31 3052.04   46.45
 -94.14 3052.76   46.64
 -94.14 3052.76   46.45
 -94.14 3052.76   46.45
 -94.14 3052.76   46.45
 -94.14 3052.76   46.64
 -94.14 3052.76   46.27
 -94.14 3052.76   46.46
 -94.14 3052.76   46.06
 -94.14 3052.76   45.83
 -94.14 3051.53   45.66
 -94.97 3052.29   45.29
 -95.64 3052.29   45.86
 -95.64 3053.52   46.44
 -95.64 3053.52   46.65
 -95.64 3053.52   46.84
 -95.64 3052.29   46.26
 -95.64 3053.52   46.97
 -95.64 3053.52   47.30
 -95.64 3053.52   47.15
 -95.64 3053.52   47.00
 -95.64 3054.75   47.20
 -96.47 3055.28   47.23
 -96.47 3055.28   46.05
 -97.14 3056.08   45.80
 -97.14 3056.08   45.22
 -97.14 3056.08   45.45
 -97.14 3057.31   46.65
 -97.14 3057.31   46.06
 -97.14 3056.08   45.86
 -97.14 3056.08   45.45
 -97.14 3056.08   46.04
 -97.14 3056.08   46.26
 -97.14 3054.85   46.26
 -97.97 3053.98   46.45
 -98.64 3054.67   46.26
 -98.64 3052.21   46.06
 -98.64 3053.44   46.26
 -98.64 3052.21   46.65
 -98.64 3050.97   46.26
 -98.64 3049.74   46.44
 -98.64 3049.74   47.23
 -98.64 3050.97   47.04
 -98.64 3049.74   47.04
 -98.64 3050.97   47.23
 -98.64 3050.97   47.23
-100.14 3052.12   47.61
-100.14 3052.12   46.84
-100.14 3053.35   47.61
-100.14 3053.35   47.61
-100.14 3053.35   47.42
-100.14 3055.81   47.61
-100.14 3054.58   47.23
-100.14 3055.81   47.23
-100.14 3055.81   47.42
-100.14 3055.81   46.86
-100.14 3055.81   46.65
-100.80 3057.80   46.64
-101.63 3058.40   47.23
-101.63 3058.40   47.23
-101.63 3058.40   47.42
-101.63 3058.40   47.40
-101.63 3058.40   46.82
-101.63 3058.40   46.45
-101.63 3058.40   46.45
-101.63 3058.40   46.45
-101.63 3059.64   46.06
-101.63 3058.40   46.06
-102.30 3060.45   46.07
-102.30 3059.22   46.26
-102.30 3059.22   46.45
-103.13 3059.90   46.45
-103.13 3059.90   46.44
-103.13 3058.67   46.63
-103.13 3058.67   46.63
-103.13 3057.43   46.44
-103.13 3057.43   46.05
-103.13 3056.20   45.86
-103.80 3055.73   45.68
-103.80 3056.97   45.68
-103.80 3055.73   45.48
-103.80 3055.73   45.87
-103.80 3055.73   45.87
-104.63 3055.73   45.87
-104.63 3055.73   46.05
-104.63 3055.73   46.24
-104.63 3056.97   45.86
-104.63 3058.20   46.24
-104.63 3058.20   46.24
-105.30 3060.19   46.06
-105.30 3060.19   45.67
-105.30 3061.42   46.07
-105.30 3061.42   46.25
-105.30 3061.42   46.44
-105.30 3061.42   46.41
-105.30 3061.42   46.41
-106.13 3062.13   46.40
-106.13 3062.13   46.59
-106.13 3062.13   46.79
-106.13 3062.13   46.75
-106.80 3062.88   46.77
-106.80 3062.88   46.95
-106.80 3061.65   46.52
-106.80 3061.65   46.38
-106.80 3061.65   46.57
-106.80 3061.65   47.15
-106.80 3061.65   46.95
-106.80 3060.41   46.77
-107.63 3061.12   46.59
-107.63 3062.35   46.99
-107.63 3063.59   46.79
-108.30 3063.09   46.22
-108.30 3063.09   46.03
-108.30 3063.09   46.03
-108.30 3063.09   45.48
-108.30 3063.09   45.29
-108.30 3063.09   45.10
-108.30 3064.33   46.06
-108.30 3064.33   45.87
-108.30 3064.33   45.07
-109.13 3063.78   44.87
-109.13 3065.02   45.86
-109.80 3064.49   45.48
-109.80 3063.26   44.68
-109.80 3065.72   46.45
-109.80 3064.49   45.87
-109.80 3064.49   44.89
-109.80 3065.72   47.23
-109.80 3065.72   46.45
-109.80 3064.49   46.26
-109.80 3064.49   45.88
-109.80 3064.49   45.48
 -69.18 3011.94   53.55
 -69.18 3011.94   55.01
 -70.01 3015.55   55.99
 -70.01 3016.79   55.57
 -70.68 3020.85   55.35
 -70.68 3022.09   56.17
 -70.68 3022.09   56.54
 -70.68 3022.09   55.97
 -70.68 3022.09   55.58
 -70.68 3023.33   55.97
 -70.68 3023.33   55.97
 -70.68 3022.09   55.78
 -71.51 3023.09   54.62
 -72.18 3025.81   54.81
 -72.18 3025.81   54.43
 -72.18 3024.57   54.22
 -72.18 3025.81   54.02
 -72.18 3025.81   53.83
 -72.18 3025.81   53.61
 -72.18 3024.57   53.61
 -72.18 3024.57   52.66
 -72.18 3024.57   52.86
 -72.18 3024.57   52.86
 -72.18 3024.57   52.47
 -72.85 3024.73   52.65
 -73.68 3024.73   52.66
 -73.68 3024.73   51.90
 -73.68 3024.73   51.90
 -73.68 3023.49   51.50
 -73.68 3024.73   51.08
 -73.68 3024.73   50.92
 -73.68 3022.25   50.30
 -73.68 3023.49   50.30
 -73.68 3023.49   49.48
 -73.68 3024.73   48.90
 -73.68 3025.97   48.71
 -74.34 3027.35   49.50
 -74.34 3027.35   49.45
 -75.17 3028.28   49.34
 -75.17 3028.28   49.53
 -75.17 3028.28   48.95
 -75.17 3029.52   49.30
 -75.17 3029.52   48.32
 -75.17 3029.52   48.12
 -75.17 3029.52   47.74
 -75.17 3029.52   47.16
 -75.17 3030.76   48.12
 -75.84 3030.76   48.88
 -75.84 3029.52   48.29
 -75.84 3029.52   47.76
 -75.84 3030.76   47.17
 -76.67 3030.47   49.75
 -76.67 3030.47   49.16
 -76.67 3030.47   49.72
 -76.67 3029.23   50.52
 -76.67 3030.47   51.69
 -76.67 3030.47   52.06
 -76.67 3029.23   52.28
 -76.67 3029.23   52.09
 -77.34 3030.58   52.46
 -77.34 3030.58   50.82
 -78.17 3031.51   51.58
 -78.84 3034.13   51.22
 -78.84 3034.13   51.60
 -79.67 3032.71   50.03
 -79.67 3033.94   50.60
 -79.67 3032.71   50.47
 -79.67 3033.94   51.25
 -80.34 3035.30   51.07
 -80.34 3035.30   51.26
 -80.34 3034.06   51.45
 -80.34 3032.83   50.83
 -80.34 3032.83   51.40
 -80.34 3032.83   50.95
 -80.34 3031.59   50.57
 -81.17 3033.86   50.80
 -81.17 3033.86   51.25
 -81.17 3033.86   50.99
 -81.17 3033.86   50.41
 -81.17 3033.86   50.41
 -81.17 3033.86   50.47
 -81.83 3037.64   50.05
 -81.83 3037.64   49.87
 -81.83 3037.64   49.87
 -81.83 3037.64   49.87
 -81.83 3037.64   49.61
 -82.66 3039.80   49.84
 -82.66 3039.80   49.37
 -82.66 3039.80   49.19
 -82.66 3039.80   49.37
 -82.66 3041.03   49.19
 -82.66 3041.03   48.99
 -82.66 3041.03   49.06
 -82.66 3041.03   49.19
 -82.66 3041.03   49.25
 -83.33 3042.29   49.22
 -84.16 3043.13   48.87
 -84.16 3043.13   48.67
 -84.16 3043.13   48.67
 -84.16 3043.13   48.67
 -84.16 3041.89   48.92
 -84.16 3041.89   48.67
 -84.16 3041.89   48.10
 -84.16 3041.89   48.03
 -84.16 3041.89   47.84
 -84.16 3041.89   47.56
 -85.66 3042.74   48.10
 -85.66 3042.74   48.10
 -85.66 3042.74   47.89
 -85.66 3042.74   47.96
 -85.66 3042.74   48.14
 -85.66 3042.74   47.75
 -85.66 3042.74   47.96
 -85.66 3042.74   47.75
  51.10 2959.27   85.79
  51.10 2958.03   84.63
  48.11 2959.64   86.31
  48.11 2957.16   85.14
  48.11 2958.40   86.29
  48.11 2957.16   86.47
  48.11 2957.16   85.72
  47.28 2947.03   85.33
  47.28 2944.55   85.33
  46.62 2945.73   85.91
  46.62 2948.22   85.72
  46.62 2948.22   86.31
  46.62 2946.97   86.70
  46.62 2949.46   87.06
  46.62 2949.46   87.44
  46.62 2951.94   87.44
  46.62 2950.70   87.25
  46.62 2950.70   87.20
  46.62 2951.94   87.78
  45.79 2949.99   87.44
  45.79 2949.99   87.08
  45.79 2952.47   87.08
  45.13 2950.88   86.89
  45.13 2950.88   87.67
  45.13 2953.36   87.28
  45.13 2953.36   86.89
  45.13 2957.09   87.08
  45.13 2959.57   86.67
  45.13 2957.09   86.67
  45.13 2959.57   88.61
  44.30 2954.26   87.92
  44.30 2954.26   87.20
  44.30 2953.02   87.14
  44.30 2948.05   86.76
  43.63 2946.10   86.86
  43.63 2944.85   86.86
  43.63 2943.61   86.69
  43.63 2942.37   87.08
  43.63 2942.37   87.08
  43.63 2942.37   88.25
  43.63 2942.37   89.38
  43.63 2946.10   88.80
  42.80 2946.10   88.26
  42.80 2947.34   90.00
  42.80 2948.58   89.03
  42.80 2952.31   89.41
  42.14 2951.53   88.62
  42.14 2954.02   89.02
  42.14 2956.51   89.99
  42.14 2956.51   89.21
  42.14 2956.51   88.42
  42.14 2957.75   89.21
  42.14 2959.00   89.56
  42.14 2957.75   89.21
  41.31 2954.74   87.46
  41.31 2954.74   87.46
  41.31 2954.74   87.07
  41.31 2953.49   86.88
  41.31 2952.25   86.83
  40.64 2947.70   86.31
  40.64 2946.45   86.50
  40.64 2945.21   85.91
  40.64 2940.23   86.10
  40.64 2938.98   87.26
  40.64 2940.23   86.49
  39.82 2936.21   88.06
  39.82 2934.97   87.85
  39.82 2932.47   86.30
  39.82 2931.23   86.69
  39.82 2928.74   87.43
  39.82 2929.98   88.44
  39.15 2926.37   88.25
  39.15 2922.63   88.05
  39.15 2921.39   87.86
  39.15 2922.63   87.08
  39.15 2922.63   88.25
  38.32 2918.45   88.60
  38.32 2919.70   89.80
  38.32 2920.95   89.42
  38.32 2923.44   87.87
  38.32 2925.93   87.87
  38.32 2927.18   87.27
  38.32 2928.43   87.04
  38.32 2930.92   85.09
  37.66 2930.92   84.55
  37.66 2932.17   85.89
  37.66 2935.91   85.33
  37.66 2935.91   85.33
  36.83 2934.12   84.91
  36.83 2935.37   85.70
  36.83 2936.62   86.50
  36.83 2937.87   85.52
  36.83 2940.36   84.36
  36.83 2940.36   83.97
  36.83 2941.61   84.55
  35.34 2946.56   87.46
  35.34 2941.57   86.70
  35.34 2936.58   86.31
  34.67 2933.20   90.83
  33.84 2926.97   89.09
  33.84 2925.72   89.87
  33.84 2926.97   90.70
  33.84 2926.97   90.87
  33.84 2928.22   92.00
  33.84 2933.21   92.00
  33.84 2935.70   91.35
  33.84 2939.44   88.73
  33.84 2946.93   88.35
  33.84 2949.42   89.49
  33.02 2949.27   90.20
  30.53 2912.52   96.28
  30.53 2912.52   96.79
  29.70 2911.28   97.30
  29.70 2912.52   96.92
  29.70 2912.52   96.63
  29.70 2912.52   97.22
  29.70 2912.52   96.33
  29.70 2913.77   98.66
  -5.33 2635.41   29.13
  -5.33 2636.67   31.15
  -6.83 2661.51   40.00
  -6.83 2661.51   42.62
  -6.83 2662.77   43.95
  -7.49 2675.19   44.72
  -7.49 2676.46   44.91
  -7.49 2676.46   44.26
  -7.49 2676.46   47.58
  -7.49 2676.46   49.07
  -7.49 2676.46   53.74
  -7.49 2676.46   54.50
  -7.49 2676.46   53.88
  -7.49 2676.46   54.26
  -8.32 2688.51   53.78
  -8.99 2700.33   55.36
  -8.99 2700.33   55.71
  -8.99 2697.80   56.48
  -8.99 2699.06   57.52
  -8.99 2697.80   58.60
  -8.99 2699.06   58.87
  -8.99 2699.06   58.94
  -8.99 2699.06   59.06
  -8.99 2699.06   61.38
  -8.99 2699.06   62.54
  -8.99 2699.06   63.96
 -10.48 2720.36   66.38
 -10.48 2720.36   66.55
 -10.48 2720.36   66.53
 -10.48 2720.36   68.07
 -29.10 2906.19   75.74
 -31.26 2903.38   72.54
 -31.26 2907.14   72.16
 -31.26 2910.89   72.35
 -31.26 2914.65   72.16
 -31.26 2917.16   71.77
 -31.26 2919.66   72.16
 -32.09 2928.20   71.93
 -32.09 2930.70   71.03
 -32.75 2937.55   69.56
 -32.75 2937.55   69.34
 -32.75 2937.55   71.08
 -32.75 2937.55   69.85
 -32.75 2938.80   69.66
 -32.75 2937.55   69.57
 -32.75 2936.30   70.56
 -32.75 2933.79   68.04
 -32.75 2930.04   68.94
 -32.75 2927.54   69.14
 -32.75 2926.28   70.31
 -33.58 2928.32   68.57
 -34.25 2927.36   67.01
 -34.25 2924.87   67.34
 -34.25 2921.12   67.54
 -34.25 2922.37   68.79
 -34.25 2921.12   68.99
 -34.25 2918.62   69.46
 -34.25 2916.12   69.02
 -34.25 2916.12   69.02
 -34.25 2917.37   69.67
 -34.25 2919.87   70.36
 -34.25 2922.37   70.55
 -34.92 2926.26   70.24
 -34.92 2926.26   69.86
 -35.75 2936.78   70.95
 -35.75 2941.77   69.99
 -35.75 2943.01   69.41
 -35.75 2944.26   68.24
 -35.75 2945.51   66.69
 -35.75 2948.00   66.21
 -35.75 2949.25   65.44
 -35.75 2949.25   64.85
 -35.75 2949.25   63.88
 -36.41 2951.71   63.24
 -36.41 2950.46   65.12
 -36.41 2949.22   62.61
 -36.41 2947.97   62.22
 -37.24 2950.45   63.40
 -37.24 2949.21   62.44
 -37.24 2947.96   62.44
 -37.24 2946.72   62.63
 -37.24 2944.22   64.05
 -37.24 2940.49   64.47
 -40.24 2951.65   61.44
 -40.24 2952.89   61.06
 -40.90 2949.44   60.27
 -40.90 2949.44   61.25
 -40.90 2946.95   61.44
 -40.90 2944.46   61.00
 -40.90 2941.98   59.90
 -40.90 2939.49   59.83
 -41.73 2939.72   60.73
 -41.73 2939.72   61.20
 -41.73 2939.72   60.80
 -42.40 2942.18   60.67
 -42.40 2943.42   60.87
 -42.40 2947.15   60.87
  52.59 2955.30   87.46
 109.61 3085.24   79.27
 109.61 3085.24   79.47
 108.78 3082.59   79.25
 108.78 3082.59   79.25
 108.78 3082.59   79.06
 108.78 3082.59   79.06
 108.78 3082.59   78.66
 108.78 3082.59   78.66
 108.78 3082.59   78.48
 108.78 3082.59   78.48
 108.12 3081.76   78.29
 108.12 3080.53   77.92
 108.12 3080.53   77.71
 108.12 3080.53   77.92
 108.12 3081.76   78.13
 107.29 3079.46   77.52
 107.29 3080.69   76.58
 107.29 3080.69   75.79
 107.29 3080.69   75.01
 107.29 3080.69   74.83
 107.29 3080.69   74.62
 106.63 3079.89   74.61
 106.63 3079.89   74.84
 106.63 3079.89   75.20
 106.63 3079.89   75.38
 106.63 3079.89   76.00
 106.63 3079.89   76.19
 105.80 3080.16   76.58
 105.80 3080.16   76.76
 105.80 3080.16   77.35
 105.80 3080.16   77.35
 105.80 3080.16   77.16
 105.14 3079.29   76.77
 105.14 3079.29   77.17
 105.14 3079.29   77.36
 105.14 3079.29   76.94
 105.14 3079.29   76.55
 105.14 3079.29   76.75
 105.14 3079.29   76.55
 104.31 3078.41   76.54
 104.31 3077.18   76.58
 104.31 3077.18   76.98
 103.65 3076.27   76.40
 103.65 3076.27   76.40
 103.65 3077.51   76.18
 103.65 3076.27   76.18
 103.65 3076.27   76.77
 103.65 3077.51   77.56
 103.65 3077.51   77.37
 103.65 3077.51   77.94
 103.65 3077.51   78.73
 103.65 3077.51   78.92
 102.82 3076.29   79.12
 102.16 3075.36   79.31
 102.16 3075.36   79.50
 102.16 3075.36   80.28
 102.16 3075.36   80.48
 102.16 3076.59   80.48
 102.16 3075.36   80.28
 102.16 3076.59   79.88
 102.16 3075.36   80.28
 102.16 3076.59   80.07
 102.16 3075.36   79.68
 101.50 3075.69   80.24
 100.67 3074.25   79.87
 100.67 3074.25   79.10
 100.67 3073.02   79.30
 100.67 3073.02   79.68
 100.67 3073.02   79.44
 100.67 3074.25   79.44
 100.67 3074.25   81.00
 100.67 3074.25   81.20
 100.67 3074.25   78.90
 100.67 3075.49   80.45
 100.00 3074.25   80.98
 100.00 3076.73   80.77
 100.00 3075.49   80.20
  99.18 3075.09   80.41
  99.18 3075.09   80.84
  99.18 3075.09   81.24
  99.18 3076.32   82.61
  99.18 3077.56   82.40
  99.18 3075.09   82.40
  99.18 3076.32   82.79
  99.18 3078.79   82.40
  98.51 3076.69   81.41
  98.51 3074.22   81.80
  98.51 3075.46   81.99
  98.51 3074.22   82.97
  97.69 3072.88   81.39
  97.69 3072.88   81.24
  97.69 3072.88   81.06
  97.69 3072.88   79.48
  97.69 3071.64   78.51
  97.69 3069.17   77.73
  97.69 3067.93   76.98
  97.02 3067.09   78.13
  97.02 3067.09   77.52
  97.02 3065.85   76.58
  97.02 3063.38   75.98
  97.02 3063.38   75.01
  96.19 3061.15   76.37
  96.19 3059.91   75.95
  96.19 3061.15   76.14
  96.19 3061.15   75.60
  96.19 3061.15   75.60
  96.19 3061.15   75.20
  95.53 3061.56   74.18
  95.53 3062.80   73.78
  95.53 3064.04   73.06
  95.53 3062.80   73.06
  95.53 3061.56   73.06
  95.53 3062.80   72.42
  95.53 3061.56   72.42
  94.70 3060.33   72.64
  94.70 3056.62   72.85
  94.70 3052.91   72.79
  94.70 3049.20   73.04
  94.04 3049.60   72.56
  94.04 3047.13   73.52
  94.04 3044.65   73.52
  94.04 3044.65   73.33
  94.04 3043.42   73.33
  94.04 3043.42   73.40
  94.04 3043.42   73.21
  94.04 3043.42   73.59
  93.21 3043.63   73.62
